{
    'train_losses_history': [0.049734708797931675, 0.02485215491652489, 0.020192273381352425, 0.017704640139639377, 0.015853601635992528],
    'train_corrects_history': [0.23082499, 0.4567, 0.55184996, 0.6073, 0.64655],
    'val_losses_history': [0.0004, 0.0003, 0.0003, 0.0002, 0.0002],
    'val_corrects_history': [0.39122215, 0.5226911, 0.58439493, 0.63107085, 0.66192275],
    'epoch_times_history': [629.9224083199999, 625.112819854, 625.9241167289999, 624.9469319540003, 625.5264878140001]
}
