{
    "train_losses_history": [0.11913408599793911, 0.05620558895170689, 0.04185409434139729, 0.0270154170691967, 0.02284720875322819],
    "train_corrects_history": [0.25, 0.39375, 0.484375, 0.646875, 0.690625 ],
    "val_losses_history": [0.0162, 0.0140, 0.0150, 0.0204, 0.0170],
    "val_corrects_history": [0.30357143, 0.3392857, 0.375, 0.3794643, 0.38839287 ],
    "epoch_times_history": [213.93897226800073, 208.08392091000042, 199.66517193599975, 202.25523376300043, 201.38221139800044]
}
