{
  "train_losses_history": [0.06487234437993086, 0.055196925362290095, 0.05053391208304271, 0.0476218275169828, 0.04533105570751467], 
"train_corrects_history": [0.2384062, 0.33335555, 0.40118605, 0.4472948, 0.47121537], 
"val_losses_history": [0.0004, 0.0004, 0.0004, 0.0004, 0.0004 ],
"val_corrects_history": [0.30810702, 0.3345647, 0.41683307, 0.44259185, 0.46665335], 
"epoch_times_history": [534.2086371919999, 533.415264318, 532.5707929819996, 533.013594211, 533.061556181]
}