
{
  "train_losses_history": [0.14027873277664185,0.07566587701439857, 0.07186755985021591, 0.0687600914388895, 0.06357135251164436],
  "train_corrects_history": [0.10625, 0.146875, 0.19375, 0.184375, 0.19375],
  "val_losses_history": [0.0226, 0.0191, 0.0207, 0.0171, 0.0200],
  "val_corrects_history": [0.07589286, 0.15625, 0.13839285, 0.17857143, 0.16517857],
  "epoch_times_history": [622.8097522370008, 602.9178659880017, 616.4494046340005, 620.7641232750029, 614.5917166120016]
}
