{
    'train_losses_history': [0.013965648804605007, 0.003906315564271063, 0.001959984838892706, 0.0009949923681211658, 0.0005729746127137332],
    'train_corrects_history': [0.74439996, 0.91552496, 0.957975, 0.97884995, 0.98784995],
    'val_losses_history': [7.5806e-05, 6.1534e-05, 1.3099e-05, 1.8690e-06, 8.4427e-07],
    'val_corrects_history': [0.86892915, 0.8967954, 0.9084395, 0.9070462, 0.9110271],
    'epoch_times_history': [668.0774282350003, 670.6288583059995, 671.5694527989999, 671.5507184549997, 672.8578168890017]
}
