{
    'train_losses_history': [0.033171663969755176, 0.020509353983402253, 0.016976314240694047, 0.014940245185792447, 0.013405092602223157],
    'train_corrects_history': [0.326875, 0.520225, 0.616125, 0.66505, 0.7024],
    'val_losses_history': [0.0004, 0.0003, 0.0002, 0.0002, 0.0002],
    'val_corrects_history': [0.4683519, 0.59613854, 0.65306526, 0.6431131, 0.67306924],
    'epoch_times_history': [640.7785887476667,641.3572604669998,645.9042168489999,638.6481505786668,640.956131482667]
}
